10000 -1.80387086347169e-05 -1.30967291155998e-05 -2.25650677064559e-05 -2.93924571349177e-06 8.67869709671302e-06 -3.79903129240979e-06 0.999999999950804
10000.033333  -0.00280584563323228  0.000609425845483218 -0.000283565820861871 0.00037807606442582 -0.00455676251363623 -0.0033481257803774 0.999983941384882
10000.066666  -0.00487600987796851 -4.70888523308965e-05 -0.000284859444570963 -6.77644862991092e-05 -0.00928441870047794 -0.00512271340271035 0.999943774811745
10000.099999  -0.00621386971172198  -0.00084661191891072 -0.000254912632450809 0.000867451373528652 -0.0135618536542197 -0.00724683421495634 0.999881396490322
10000.133332  -0.00806252618931945 -0.000722475075003046 -0.000149046065709104 0.00274703290905387 -0.0152237879208941 -0.0102068132867566 0.999828240776417
10000.166665  -0.0136151532489667   0.0021872207689489 0.000532952545930026 0.00645592909124721 -0.012706834387294 -0.0116679630589714 0.999830343597091
10000.199998 -0.0146835885997512 0.00225051978014009 0.00127191040719679 0.00579005142815173 -0.0132215227217985 -0.0129149210546356 0.999812418134286
10000.233331 -0.0158337609994548 0.00218565613939099 0.00223411690843505 0.00527061106742629 -0.0135158548086273 -0.0127782021206087 0.999813112475693
10000.266664 -0.0161974931892428 0.00173366341929198 0.00386621791615802 0.00380428309132163 -0.0138741866521051 -0.0131815942302332 0.999809621852307
10000.299997   -0.0163973436935594 -0.000341365635702245   0.00456167241114249 0.00424694145833113 -0.0136046286397642 -0.0129687571807754 0.999814327215313
10000.33333  -0.0167072129182502 -0.00113145885807463  0.00509212923608865 0.00659747098025093 -0.0141575409060037 -0.0135045669967164 0.999786809316062
10000.366663   -0.017198008404926 -0.00240026581822327  0.00525578536093684 0.0105945254674721 -0.0150803419869736 -0.0128086283479443 0.999748107452832
10000.399996  -0.0182225969910602 -0.00483095124396436  0.00602172420958672 0.0140909624944387 -0.0153057760774699 -0.0108763148382364 0.99972440390849
10000.433329  -0.0190112075921862 -0.00739170580501401  0.00634592660466357 0.0199265004655117 -0.0156241014974076 -0.00859023611117946 0.999642451016938
10000.466662 -0.0196559790300582 -0.0115647299352693 0.00609896471101449 0.0270529998328493 -0.0164331682998479 -0.00551012702420843 0.999483729072089
10000.499995 -0.0178118989425829  -0.016400251109407 0.00637593249414429 0.0349326292954425 -0.0173521077939897 -0.00638739671115948 0.999218603173934
10000.533328 -0.0189877390509384 -0.0204800237972584 0.00515375464841793 0.0460141289368366 -0.0171814673451426 -0.00707730416784282 0.998767945462693
10000.566661 -0.0186178030541158 -0.0228998530499698 0.00298599976912096 0.0571204161031188 -0.0191186351702671 -0.00889217797049507 0.998144611278533
10000.599994 -0.0185185237991183 -0.0252086828095107 0.00127640591818698 0.0678873484222234 -0.0206454198669584 -0.00941172488869409 0.997434957276582
10000.633327   -0.0180787593358785   -0.0256477002654211 -8.14764376238053e-05 0.0748764687586284 -0.022632953225778 -0.00903134635618238 0.996895028895978
10000.66666  -0.0148640508863183  -0.0293556321078559 0.000670691987289346 0.076823058866071 -0.0237380591331335 -0.00803033887867387 0.99672977071649
10000.699993   -0.0140043087990048   -0.0323107632749641 -0.000219726317529366 0.0817753045994809 -0.024423465505704 -0.00776499981593637 0.996321232669571
10000.733326  -0.0143919234055371  -0.0303091262875456 -0.00109329445276491 0.0895154554728752 -0.0232977458137871 -0.00709322769447457 0.995687643988994
10000.766659  -0.0139939472673003  -0.0324758964858984 -0.00220904315553577 0.093158078950442 -0.0221620749314949 -0.00549608321824801 0.995389475446798
10000.799992  -0.0146594497803544   -0.033683164319693 -0.00324660140846798 0.0986035007589306 -0.0201701585360624 -0.00474815605116523 0.994911035900611
10000.833325  -0.0116140330835548  -0.0362986317545896 -0.00448059087690669 0.10366902126679 -0.0203732498393524 -0.00460669499287382 0.994392499510034
10000.866658  -0.0116911365876835  -0.0391871395409754 -0.00581703967511117 0.109109030946619 -0.020121230347123 -0.00416300807840446 0.993817400138953
10000.899991  -0.0111856379910248  -0.0402208314241636 -0.00728254580163242 0.115885243464942 -0.0203557937748181 -0.00510006353206096 0.993040906186063
10000.933324  -0.0109699013807928  -0.0432427966136511 -0.00876519633011525 0.121545812679199 -0.0197380663402148 -0.00586511759499131 0.992372220768447
10000.966657 -0.0112487883598044 -0.0446555077694341 -0.0108433917655964 0.128485942022842 -0.0190961617697351 -0.00530504935054149 0.991513265548956
10000.99999 -0.00825112542496631  -0.0383991582788475  -0.0133671693413711 0.140335696996102 -0.0221931258252975 -0.00394010528886708 0.989847378581685
10001.033323 -0.00579541625051161  -0.0420618806381421  -0.0160590470480886 0.149563228053608 -0.025368358833596 -0.00215858098730552 0.988424315621786
10001.066656 -0.00573911051452384  -0.0417689020332292  -0.0185791381330346 0.161708803214117 -0.0251537343237183 -0.00318583763280007 0.986512748549763
10001.099989 -0.00535616179885781   -0.040940640043193  -0.0207176768117394 0.170741883750435 -0.0249249054909047 -0.00426422555913087 0.984991256103324
10001.133322 -0.00693339999946942   -0.041117454900176  -0.0219428922703783 0.176090392067705 -0.0243747590344964 -0.00488241694518336 0.984060062673121
10001.166655 -0.00129450358283845  -0.0419579506842871   -0.022111416651522 0.179438567295305 -0.030311887421563 -0.00560828005045458 0.983286091248537
10001.199988 -0.00218652005771705  -0.0440658968053569  -0.0218598406950779 0.181278245503401 -0.0355745643811673 -0.00514687415496265 0.982774723811481
10001.233321 -0.000271840010606184   -0.0417805260203845   -0.0223406649518833 0.184686629994464 -0.0418414708298839 -0.0063184588678956 0.981886050974152
10001.266654 -0.00223047931759055  -0.0423597441278592  -0.0211365981072685 0.185634735167771 -0.0465853079242904 -0.00724586765460867 0.981487163230738
10001.299987 -0.000898017358372749   -0.0433868015644825   -0.0196702212856648 0.185431834002861 -0.0512943204764104 -0.00801027104252576 0.981284751325029
10001.33332 -0.00129223272903333  -0.0474955882376894  -0.0234392704987285 0.185486301163652 -0.0602281035245327 -0.00741600254794825 0.980771334477448
10001.366653 0.000156670130333101   -0.052045794030178  -0.0229926438146548 0.188645000032591 -0.0723804322798531 -0.00855031253715215 0.979337035520051
10001.399986 0.00593546971888994 -0.0540637504982324 -0.0210807070156626 0.193028425740274 -0.0822331165826702 -0.0110670506776127 0.977678506351977
10001.433319 0.00600610783250964 -0.0537338753907178 -0.0182677685623532 0.197350898538309 -0.0872440426270052 -0.0128571681135018 0.976358434746339
10001.466652 0.00934072303977503 -0.0578669527525973 -0.0148375364707859 0.197780415817865 -0.101046407348125 -0.0167316956409737 0.974880803504678
10001.499985 0.00304273629710427 -0.0666468201365567 -0.0130859057001502 0.196094402093886 -0.116882391420346 -0.0261271810643364 0.97324347542274
10001.533318  0.00426758668808461  -0.0688931994105673 -0.00955174921228038 0.196048720120796 -0.128737311919302 -0.0310375468296805 0.971611174568091
10001.566651  0.00858697588516039  -0.0724276313709405 -0.00548029692527829 0.195786833642565 -0.144752816021709 -0.0357403621802759 0.969245461447835
10001.599984   0.0166006358304517  -0.0836666349671548 0.000964561452171324 0.194034674165117 -0.170688321513354 -0.040054131239823 0.965200346400277
10001.633317 0.0402087377843337 -0.093681114128097 0.0156399894748585 0.196139300117459 -0.203026311118572 -0.0410922476121962 0.958447243790286
10001.66665 -0.00781830532340668  -0.0753740116752364  -0.0158447726563493 0.198353866896081 -0.1966672045502 -0.0396725260955583 0.959376800227616
10001.699983 -0.00411327883812808  -0.0820385762819724  -0.0111843789233801 0.198194858089896 -0.21144045133867 -0.0478595470342387 0.95588764900594
10001.733316 0.00404959277039452 -0.0863193870992001 -0.0037507130170417 0.199653859069802 -0.230889885686888 -0.0579914677123146 0.950507857368156
10001.766649  0.0115769119753711 -0.0915194090310547  0.0034877012548625 0.201047080565955 -0.246989812513777 -0.0654729460312738 0.945668756620573
10001.799982 0.00678886380116468 -0.0930230310086699 0.00482116542109872 0.202087414749216 -0.25886213596626 -0.0701450370273697 0.941929267590403
10001.833315 -0.00141998903826293   -0.103310550515102  0.00206826786989128 0.196064965353547 -0.272980119896699 -0.0744199404077545 0.938883409147165
10001.866648 0.000871601488169399   -0.101858567793985  0.00269451095417486 0.195799235408464 -0.286578422428417 -0.0773085431215713 0.934643705575724
10001.899981 0.000597457440561282    -0.10756026808635  0.00541566651345306 0.191493650137566 -0.298199599992895 -0.0799318919181173 0.931674875251801
10001.933314 0.00100756063918529  -0.108094224545921 0.00645945434561929 0.191429642973871 -0.309199251704148 -0.0810000364797005 0.928002968005372
10001.966647 0.00325747515374121  -0.112555321892515  0.0100522097076546 0.191297348461447 -0.319872546050181 -0.0815131200832408 0.924360584409185
10001.99998 -0.00177069592582774   -0.111449660061748  0.00592524876104264 0.19112593868656 -0.325576365843857 -0.0805555648932983 0.922486697210215
10002.033313 -0.00192886788182402   -0.113698202536876  0.00954627679041937 0.191005210062511 -0.334328334537265 -0.0822628191779482 0.919224892523811
10002.066646 -0.00229867413992001   -0.113199467032372   0.0104782334382687 0.191816958910842 -0.344286678567852 -0.0861149298644652 0.915017571464806
10002.099979 0.00059309642797571  -0.113413517164801  0.0119036931959483 0.192553020519911 -0.357606334497122 -0.091773315519645 0.909185735905884
10002.133312 0.000673399236100162   -0.116752683892803   0.0139762974209385 0.19125416041239 -0.371222517614437 -0.0955020802430691 0.903601151620668
10002.166645 -0.00809991309265034   -0.116762429034095   0.0185752151424416 0.190701348664512 -0.377703617405791 -0.0981953783212738 0.90073894147664
10002.199978 -0.00970016127139882   -0.117744223807911   0.0167591078506137 0.189128327125835 -0.384812900531279 -0.0988834217937739 0.897981946565543
10002.233311 -0.0124143012898576  -0.121606793342038  0.0142352464944391 0.188103345645417 -0.393545646767662 -0.098498362358678 0.894447889974526
10002.266644 -0.0101063783268351  -0.121963116953703  0.0163271322720565 0.190089276627702 -0.405493951496292 -0.0984594552230998 0.888676801704787
10002.299977 -0.0113514865412885   -0.12508628876328  0.0154736462836767 0.192895260926462 -0.415528278760922 -0.10045370475219 0.883196875596635
10002.33331 -0.0165770325281233  -0.127907829358582  0.0134859356940534 0.19525053216888 -0.42179300846551 -0.101714439348244 0.879557877871295
10002.366643 -0.0171209692712439  -0.128578282266063  0.0134866219320307 0.199670342011161 -0.429140000448861 -0.103894878266687 0.874743658911483
10002.399976 -0.0162150878359707  -0.128653686097263   0.012574386344876 0.200082847444946 -0.436745947387105 -0.107354945744462 0.870456631443213
10002.433309 -0.0191251602614558  -0.127377016567264  0.0133392440414606 0.196974989084783 -0.44468508815199 -0.111340472869375 0.866636789636541
10002.466642 -0.021603167138566 -0.126036605882858 0.0125132664047206 0.192878109714434 -0.453126057593356 -0.115615834888436 0.862616826549274
10002.499975 -0.0231820437383483  -0.130264907104293  0.0137683687275821 0.186029302240663 -0.460722374303171 -0.121228633616738 0.859320435527819
10002.533308 -0.023568898231273  -0.12883061617532 0.0147389901063837 0.179719004412768 -0.465709231403517 -0.126594941027577 0.857198758832893
10002.566641 -0.0246596082869771  -0.127903980169023  0.0172243539349979 0.170430826438137 -0.471014899402531 -0.133605170242101 0.8551303739343
10002.599974 -0.0268669362928794  -0.127357544872815  0.0204424541168023 0.159208932417005 -0.473768910637078 -0.142529069804037 0.85433073186746
10002.633307 -0.0286662429452394  -0.125854402497135  0.0234968830348341 0.147825873583105 -0.473473860149961 -0.14975265164339 0.855303547391136
10002.66664 -0.034933676511577 -0.121326285425608  0.017432537162567 0.131313347049291 -0.46950254198543 -0.153505018038551 0.859511708700304
10002.699973 -0.0379557487157749  -0.117740989253865  0.0215158178242653 0.118243034991987 -0.464373189642443 -0.161688149675257 0.862689438715798
10002.733306 -0.0403188683123596   -0.11677620710295  0.0250686482864757 0.109251349739311 -0.456944586325406 -0.171148995175128 0.866010282305347
10002.766639 -0.0420932073814755  -0.109811931741296  0.0279828991852368 0.101873953676775 -0.453243625248581 -0.175610339741348 0.867959055664329
10002.799972 -0.0424644616525344  -0.104004110432186  0.0309810018198948 0.0934457630564157 -0.452119222591863 -0.179637475678296 0.868669370509668
10002.833305 -0.0452944622539579  -0.102491346487009  0.0390486131876442 0.073083587412401 -0.451922151607085 -0.177851119402961 0.871087904556635
10002.866638 -0.0464281553283048  -0.096091669366826  0.0411638585598846 0.0624205703613425 -0.451989914051668 -0.180528279332037 0.871331355084129
10002.899971 -0.0473554765883165 -0.0935423537336595  0.0433445534351216 0.0496770910100572 -0.45570678673947 -0.184980841474534 0.869278781194928
10002.933304 -0.0470816491989248  -0.092727693143228  0.0472381151238651 0.0376294479815237 -0.459672629624718 -0.191032058125605 0.866482458556893
10002.966637 -0.0496482358523066 -0.0871661158941879  0.0504764542534731 0.0305308224751057 -0.45871373674613 -0.197530813650701 0.865812424407208
10002.99997 -0.0486334708275164 -0.0716701960510047  0.0507494748544298 0.0246850762785833 -0.455112997352441 -0.200388393493252 0.867241199668922
10003.033303 -0.0517135588021235 -0.0672844863861868  0.0505939992943192 0.0171564408419137 -0.450274977016549 -0.207061673426622 0.868379850646105
10003.066636 -0.0533231086821081 -0.0631924977960562  0.0504023899594528 0.0113408119502524 -0.447695669179703 -0.211680160124888 0.868695276602532
10003.099969 -0.0534318631386536 -0.0625271870657403  0.0518396963737983 0.00569104159148336 -0.446142439809814 -0.213738244374679 0.869045740072282
10003.133302 -0.0544788603864276 -0.0605043032653514  0.0514171687065747 0.00201674797458419 -0.443002860849333 -0.213133241367849 0.870814916862904
10003.166635 -0.0526202295079106 -0.0554545895714152  0.0512090692486039 0.0016617672759599 -0.438384197458909 -0.212106601528648 0.873399864630054
10003.199968 -0.0513739773212161 -0.0521303179503174  0.0493448606096582 0.00122156542569788 -0.431056318966857 -0.210364411786015 0.877459840625529
10003.233301 -0.0511570572491418 -0.0487795013591826  0.0514276090438397 0.00120494618379815 -0.422573778850516 -0.208718706407676 0.88196737531963
10003.266634  -0.049724699498506 -0.0493516877816136  0.0535152047118567 0.000344322245212933 -0.411230499686517 -0.208004195998549 0.887481612213327
10003.299967 -0.0492621979151016 -0.0498467334815303  0.0542146725266235 -0.00160118015504857 -0.39900538199239 -0.206150969934729 0.893472953680294
10003.3333 -0.0479507487706109 -0.0470482132203638   0.054764863970249 -0.00263319854774654 -0.387388381183379 -0.20033345707002 0.899883222628305
10003.366633 -0.0462597250387586 -0.0475977364219731  0.0546474216704193 -0.00376623357873544 -0.376216019950916 -0.195192920595632 0.90573011740047
10003.399966 -0.0429993079900725  -0.047734255890176  0.0568386990905642 -0.00648087594849639 -0.364842605796974 -0.189165019269137 0.91162737273906
10003.433299  -0.040214482153582 -0.0463722192901946  0.0597307760038155 -0.00681148801323931 -0.351809066993327 -0.184897101258396 0.917603970108332
10003.466632 -0.0392006975007991 -0.0462253930427291  0.0609847490971113 -0.0056051018233072 -0.335565596625942 -0.181640738946019 0.924321889359854
10003.499965 -0.0440659461189143 -0.0248969553926648  0.0430073069849349 -0.00268173413560429 -0.31110629039895 -0.171322162332297 0.934801797746462
10003.533298 -0.0410188936822333 -0.0240887742887261  0.0448955400018904 -0.00709371196359057 -0.296050187047204 -0.16340519380922 0.941064667616453
10003.566631 -0.0389482322216018 -0.0261098827653116  0.0483658246884869 -0.0117429188209602 -0.282479122248852 -0.154807562942943 0.946626783799587
10003.599964 -0.0375970967417348 -0.0264528754657156  0.0497206229558272 -0.0155300145974867 -0.269075000374159 -0.145395457256853 0.951954633283183
10003.633297 -0.0343736097494626  -0.025365894794168  0.0528400058477812 -0.0194339373140796 -0.261099267761938 -0.134209567376529 0.95573913097626
10003.66663 -0.0221115279292007 -0.0180441608889539  0.0542457668942841 -0.020962480191698 -0.256274924476081 -0.129045073263243 0.957721831522847
10003.699963 -0.0202009795179997 -0.0188220196369908   0.058605307218221 -0.0271718771264977 -0.248545205494838 -0.120420670817194 0.960721516340135
10003.733296 -0.0237919832539992 -0.0221796299678338  0.0624768416569414 -0.0308695922506965 -0.238931043976455 -0.110499387693834 0.964234883116082
10003.766629 -0.0262931282819535 -0.0242276717068109  0.0668129865113327 -0.0292774513425307 -0.226394900077214 -0.10046436508797 0.968398209110996
10003.799962 -0.0300946627682411 -0.0255533522649739  0.0694940430128518 -0.0243874553820576 -0.208608689610007 -0.0904315500556182 0.973503878468762
10003.833295 -0.0379932774627946 -0.0165791720923267  0.0709203386306475 -0.0211931372859659 -0.187324646995482 -0.0801235965789287 0.978795451987418
10003.866628 -0.0454862462076807 -0.0179030082596068  0.0742797641870436 -0.0242591161886004 -0.166536730474191 -0.0691662185295536 0.983307198640911
10003.899961 -0.0503582233409531 -0.0182966578219176  0.0775031669335713 -0.0254956026674579 -0.14725479627658 -0.057343824089464 0.987105711186478
10003.933294 -0.0596190283195455 -0.0168111506552193  0.0806980973563498 -0.0298589804065978 -0.12309348586955 -0.0432743758020175 0.991001394259618
10003.966627 -0.0684713441725619 -0.0155949434394084  0.0838826541951127 -0.0371047549734624 -0.100940962770055 -0.0291198669394267 0.993773712946184
10003.99996 -0.0771737506983792 -0.0129033822557903  0.0905050210767727 -0.043019550483102 -0.0835860154529066 -0.0163526615680262 0.995437233961328
10004.033293 -0.0809856697028343 -0.0148650769470717  0.0936023079772059 -0.0489484262249666 -0.0680792935310934 -0.00740237187059815 0.996450935196057
10004.066626 -0.0860716209578785 -0.0151152262892901  0.0961055457299676 -0.0527851333243721 -0.0495086096862863 0.00335561688488977 0.997372230966043
10004.099959   -0.08731913566945 -0.0150352113351091  0.0970390881804523 -0.0561109849422014 -0.0323486686449282 0.0151791381803465 0.997784904059898
10004.133292 -0.0896211080506347 -0.0168327101167917  0.0982075257424435 -0.059649648982349 -0.0134724247655616 0.0271471280607796 0.997759212728838
10004.166625  -0.103816252714911 -0.0181349899037382  0.0955476834132293 -0.0603856828344071 0.0112583906395334 0.0406200733882468 0.997284727440847
10004.199958   -0.10071346731383 -0.0157625467053824  0.0945147111668763 -0.0573397198340785 0.0292349692946699 0.0467511173738093 0.996830881405662
10004.233291 -0.0979173487668891 -0.0153046089678848  0.0944039750920626 -0.0569226907367372 0.0447130634798664 0.0574983318210059 0.995718078108124
10004.266624 -0.0939461751970386 -0.0139153948823552  0.0942364618388038 -0.0598033258515932 0.0554912533788386 0.0691512545297962 0.994264746942427
10004.299957 -0.0893565741772294 -0.0144735611985235  0.0945372731037914 -0.0651595485390442 0.0650363490778039 0.0781041543947078 0.992685371907487
10004.33329 -0.0853760304023439 -0.0138524078808778  0.0946769934863519 -0.0658189126612432 0.0768461916914616 0.0840178358145617 0.991314045509115
10004.366623 -0.0797950554317374 -0.0131897330117675  0.0927295259455628 -0.0646653567058291 0.093533865309508 0.0902282982108393 0.989408238233514
10004.399956 -0.0748317553918902 -0.0117496092854377  0.0911041619844769 -0.0627356678187315 0.11156906113572 0.0953202785625176 0.987183177062594
10004.433289 -0.0695159396342739 -0.0109238900214218   0.089652967501272 -0.0639173290970738 0.126532002158842 0.100020326318429 0.984835093705503
10004.466622  -0.0646300234153982 -0.00918752181468539   0.0882262200334115 -0.068103117338327 0.13328147535009 0.107135042868983 0.982914083898876
10004.499955  -0.0621261633833745 -0.00448545877514688   0.0869817744627569 -0.0697397382918756 0.139063170724644 0.111887796004644 0.981467739946766
10004.533288  -0.0581200724817341 -0.00145586908594734    0.086322732397819 -0.074894148697782 0.147177732820569 0.116804299609432 0.979329534449657
10004.566621 -0.0545191215687384 0.00286530520147512   0.086680309288202 -0.0842862189533439 0.159113469861132 0.11951747350079 0.976367917606518
10004.599954 -0.0490496381201148 0.00542451755885643  0.0866274696588917 -0.0960954186687891 0.174609570324429 0.123834993485843 0.972081304650156
10004.633287 -0.0433931256605306 0.00630438221556695   0.084287283895024 -0.0993030324379176 0.181519065301867 0.130885884929347 0.969566202900468
10004.66662 -0.0393283162526018 0.00771496192447219  0.0805799193261662 -0.0970528474338566 0.184731354798769 0.139478688672633 0.967987999287881
10004.699953 -0.0348974345999907   0.010468176041954  0.0774344237118577 -0.0988068685126204 0.194505454273525 0.148291448241996 0.964579948667227
10004.733286 -0.030210831083816 0.0122310496846193 0.0739351392257519 -0.0998141866733727 0.205528957475092 0.155890652456857 0.960985473487768
10004.766619 -0.0261570363992585  0.0141288412243542   0.069780103526542 -0.0971198864649392 0.213689604211725 0.162312704875412 0.958414871827906
10004.799952 -0.0206536120891271  0.0166374845268575  0.0649496801033797 -0.097248087606529 0.221023078043374 0.171245092558497 0.955178897748342
10004.833285 -0.0217370885126569  0.0193546988122827  0.0624252067719581 -0.095796826301798 0.234112511061925 0.18097711836442 0.95040074855994
10004.866618 -0.0180220201388752  0.0213810491217257  0.0577079463567031 -0.0955487358980439 0.240465364658309 0.188583503861487 0.947355851588703
10004.899951 -0.0151782291772095  0.0239925047550251  0.0536587843745804 -0.0957690005319903 0.245474228539571 0.194387306305638 0.944872624646965
10004.933284 -0.0129228804516608  0.0256962385344434  0.0498472598376781 -0.095993834195241 0.249276160086322 0.199394528206882 0.942808783333222
10004.966617 -0.0104545320087431  0.0280473306026361  0.0460174356095872 -0.0968248878689883 0.252724226796753 0.203887723600846 0.940842814950514
10004.99995 -0.0113691036822685  0.0318311001447351  0.0437278242980317 -0.0964620577720767 0.261541268629263 0.21005562091185 0.937106115836147
10005.033283 -0.00950552897613752   0.0345610618107336   0.0399675586006895 -0.0974870935456098 0.268181596137448 0.213500869868682 0.934340557104591
10005.066616 -0.00693379929591557   0.0367617728167512   0.0355616621500018 -0.0973328318426888 0.274537625170562 0.219478369700675 0.931120109032516
10005.099949 -0.00409483527308648   0.0391442174679127    0.030546147305693 -0.0956618910342938 0.281691275584716 0.227241015076815 0.927286551681872
10005.133282 -0.00092191423663467   0.0418805991693625   0.0251177570614999 -0.093261449095274 0.288311106342527 0.236608748118974 0.923144251125342
10005.166615 0.00225991760740403  0.0468364187153689  0.0192888672766266 -0.0871676674201792 0.296705122930668 0.246692831362166 0.918428285027057
10005.199948 0.0051944068154044 0.0494030999781232 0.0138891974770981 -0.0817357599806828 0.305869947843398 0.25705132140363 0.913064871031246
10005.233281 0.00877387253226475  0.0528510869900833 0.00772694011391967 -0.0748155806944336 0.316116940963195 0.266025180281162 0.907581022266223
10005.266614  0.0121506287056841  0.0562169557906816 0.00291856147579449 -0.0699688003042882 0.327217973511731 0.27420439738062 0.901579011097744
10005.299947   0.0156677673079375   0.0572690571448115 -0.00212798941475599 -0.0661731509664171 0.342738348416038 0.278663653850348 0.894705597746541
10005.33328   0.0211197240590775   0.0638872080096066 -0.00868794436212246 -0.0579606243742321 0.357850813200416 0.280012659638951 0.888918596923178
10005.366613  0.0251601282051261  0.0650170702414606 -0.0128463069690198 -0.0542999299670037 0.375991035383972 0.283792970405259 0.880422517241027
10005.399946  0.0279623229350485  0.0666409328941288 -0.0169161420725928 -0.0514025807402269 0.391923843828248 0.288113429686048 0.872206470376527
10005.433279  0.0323129244145264  0.0682877771047171 -0.0202658415397959 -0.050315186235288 0.4054279804402 0.291344026045976 0.864994331309524
10005.466612  0.0344947080927683  0.0670134033406754 -0.0218318148270113 -0.0488319919546471 0.420013271216159 0.294302298498005 0.857082519751065
10005.499945  0.0399207316145685  0.0622895403428126 -0.0238838438961252 -0.0482305158364641 0.435153278941771 0.293656886902166 0.849753537176105
10005.533278  0.0411335286104041  0.0601509520183903 -0.0261577877600533 -0.0398491892187657 0.445267022269835 0.295763403989769 0.844199816310064
10005.566611  0.0442111032800472  0.0585382952378596 -0.0299384145586846 -0.0303577604436795 0.451897926102059 0.296403874287072 0.840839707716707
10005.599944  0.0458093130645267  0.0568431856413047 -0.0330731668360971 -0.019846478747645 0.458172820812975 0.294977674814881 0.838255304134968
10005.633277  0.0468170142555766  0.0547114852085649 -0.0353564514708291 -0.0087769199289524 0.463656880252023 0.292047146480216 0.836453063419751
10005.66661    0.05165677832976  0.0486111455743999 -0.0395613942607261 -0.00378273795958589 0.465967580803168 0.283698435991006 0.838078219470134
10005.699943 0.0512606158500826 0.0456883679229841 -0.040895240781904 0.00687327404682312 0.467623104815675 0.277750088057119 0.839128284906836
10005.733276  0.0512527395750251  0.0418856582528749 -0.0422417076911418 0.0148529059335245 0.468263420062586 0.271133860969174 0.840830060150425
10005.766609  0.0523146608585139  0.0403490204024504 -0.0442372770485622 0.023169086193259 0.466943453975594 0.265555724240571 0.843153106830176
10005.799942  0.0518756396035693  0.0365773534210015 -0.0449814137041481 0.0294097989187211 0.467431839395617 0.260850690955358 0.844156061563798
10005.833275  0.0539140088889917  0.0327357261889192 -0.0484678610049677 0.0339555208892952 0.466463051978594 0.255729410849694 0.846086113918921
10005.866608  0.0541421148719212  0.0314135694037037 -0.0505786761237756 0.0423522293773098 0.467913145788888 0.252252854437273 0.845950396945924
10005.899941  0.0539966194994433  0.0284404630637317 -0.0531430897980373 0.0499150458110976 0.470286832962739 0.247283287333796 0.845688925521048
10005.933274  0.0534422463588829  0.0257604113536545 -0.0552827704723332 0.0576648418719334 0.473537365680585 0.240679260020092 0.84528730211234
10005.966607  0.0528033128569258  0.0227838558445613 -0.0581980379571269 0.0675383983235618 0.478102495130574 0.231584743933745 0.844526539120559
10005.99994  0.0506160593569089  0.0179576464685912 -0.0630973969137373 0.07689629884345 0.479984150530244 0.218300153883022 0.84619573225028
10006.033273  0.0486548714142607  0.0170432169259165 -0.0652496492181386 0.0888233153760701 0.481467381305398 0.208034298464766 0.846771108415254
10006.066606 0.0474503099180339 0.0133791415241468 -0.067358232394938 0.0963872836331466 0.482345526178747 0.202224563957455 0.846851528109496
10006.099939  0.0460848853283665 0.00991995049234739 -0.0685136086488791 0.103665968438774 0.482441635152679 0.198377142534893 0.846847061150094
10006.133272  0.0458209868163356 0.00844944212765815 -0.0702390386471826 0.110256498090472 0.480419202531347 0.195427027718911 0.847849733918058
10006.166605   0.042489590217602 0.00858591339628075 -0.0725849473918956 0.118197962316202 0.478981802830087 0.187344937135098 0.84941600455359
10006.199938  0.0419143110045464 0.00462998098835864 -0.0757418084666289 0.123838551759854 0.480073536417068 0.181827325803489 0.849195051988166
10006.233271  0.0395305453215788 0.00116976364737283 -0.0768342689518372 0.13317067197437 0.482563433675289 0.176078200120128 0.847581601999398
10006.266604   0.0388696339819806 -0.00077813730212466  -0.0794555208072661 0.141985653836668 0.484609347389682 0.170904705440427 0.846041036939368
10006.299937   0.0382286493303924 -0.00474683130808215  -0.0814233257231136 0.147445195386135 0.485910556702103 0.168768086423737 0.844788836483927
10006.33327   0.0338983028563669 -0.00243460093034683  -0.0817301790382863 0.154341971926261 0.486433224135476 0.163152661175704 0.844359214618023
10006.366603   0.0315029952982344 -0.00444771573188341  -0.0837299304026467 0.159597295054794 0.48591008078557 0.158945886245553 0.844485821105227
10006.399936  0.0280905504187294 -0.0064670056380101 -0.0846382434782653 0.16358286175294 0.491075697753354 0.153365995311268 0.84176254246608
10006.433269   0.0239431628889047 -0.00937936941635615  -0.0852038077918262 0.164325251646065 0.495953824520279 0.149714178843858 0.83941210395626
10006.466602   0.0206998152073038 -0.00946547182489406  -0.0852748526920217 0.161179295636979 0.498305065055933 0.145998734642952 0.839284020031495
10006.499935   0.0131851633229918 -0.00986415138324876  -0.0812065667902974 0.156174813401126 0.503947390549134 0.14066741136546 0.837770335233698
10006.533268 0.00672458605849815 -0.0107161355782295 -0.0778219478137132 0.155891365194597 0.50565000366749 0.139316656092892 0.837022595503805
10006.566601 0.000883157069074568  -0.0147051156054665  -0.0766022931880944 0.157201161903426 0.501355124328597 0.138197879805406 0.839542839897381
10006.599934 -0.00384443866706728  -0.0130400371302479   -0.074372448112557 0.163497198352202 0.491579029130651 0.133522015046611 0.844861287873838
10006.633267 -0.00869418824072002  -0.0139709242536638  -0.0728105130624942 0.166506101409138 0.481907590830294 0.128570300152978 0.85059418644395
10006.6666 -0.0130346588653849 -0.0118397172412053 -0.0689337520703462 0.169604094633683 0.471820663322491 0.122662637131319 0.856489106876091
10006.699933  -0.019055129534489 -0.0129490016811888 -0.0654348788639281 0.168056521636663 0.455602287844283 0.126042717304014 0.865041498577416
10006.733266 -0.0273819545004892 -0.0131588363511423 -0.0599875165779646 0.162613732181934 0.439228763539299 0.127052395711638 0.874352649752681
10006.766599  -0.034837939467569 -0.0156338778704151 -0.0560455314400375 0.158413278672908 0.421098364289615 0.126217833930299 0.8841099813545
10006.799932 -0.0442521174829115  -0.016132274464594 -0.0516578598618387 0.153565373760055 0.402588364917476 0.124659484107702 0.893756285257346
10006.833265 -0.0585896822543389 -0.0147330399248846 -0.0346604403803706 0.144599099449268 0.386068950312369 0.118974729290713 0.903264568016131
10006.866598 -0.0670719287116476 -0.0181234645031333 -0.0295102780635884 0.133808679791401 0.362547980180944 0.117634069817363 0.914776707671005
10006.899931 -0.0768043285170533 -0.0200109262705748 -0.0252741797894308 0.126691234073336 0.338730538540314 0.110477439837727 0.925746017413019
10006.933264 -0.0868362143701977 -0.0207530712578402 -0.0192510908811301 0.125556375435857 0.315222012635964 0.104332786888505 0.934871835556736
10006.966597 -0.0944581634312073 -0.0198910699829544 -0.0150740649824267 0.12165158247926 0.291862154525147 0.101313317536871 0.943267187453218
10006.99993  -0.138062932057204 -0.0347097779810131  0.0157542432477928 0.117627663545003 0.285624564146024 0.105073333964485 0.945273471337753
10007.033263  -0.140808226230366 -0.0364417436816224  0.0176944394720331 0.121555448386366 0.265335518711125 0.0978586895480732 0.951443646443562
10007.066596  -0.147617958118162 -0.0418489658199487  0.0232269403010354 0.123399971430921 0.248464398952379 0.0922934763693532 0.95630528793045
10007.099929 -0.156903498394442 -0.043681565300012 0.0282626242128933 0.124670505479696 0.236569294357295 0.0862124064001842 0.959718529056003
10007.133262  -0.167338923845987 -0.0507122658169027  0.0369384043391988 0.119944956101074 0.23050447306531 0.0827576267688253 0.962097744833854
10007.166595  -0.200792226388795 -0.0578241711042206  0.0556161620971153 0.119123936175668 0.230860862687365 0.079585710746109 0.962381870441405
10007.199928  -0.205824669166586 -0.0639990599902235  0.0627482884856991 0.121125525999863 0.21883493468904 0.0730793880116295 0.965452889248743
10007.233261  -0.212313322784255 -0.0695897058003831  0.0737756424260313 0.124246305229022 0.210007236551043 0.0656155587846816 0.967550729770024
10007.266594   -0.21376579314229 -0.0731661254930308  0.0851942606886593 0.127687936442284 0.196941465511241 0.0557166318753248 0.970466643930571
10007.299927  -0.218125276369811 -0.0778748988204798  0.0982426933912482 0.129999973452814 0.182872654343062 0.0497388641336139 0.973233602271566
10007.33326  -0.227168773802896 -0.0838500102255225    0.11121241765386 0.128720060328377 0.167939830882569 0.0476183268006932 0.976196626825198
10007.366593  -0.226444144860039 -0.0905149161661502   0.127018243696093 0.128814302338922 0.150953868143022 0.0447277507234096 0.979091024124326
10007.399926 -0.225575897777726 -0.101346348185519  0.140884610474308 0.129494639277881 0.134104680333161 0.0399312357333867 0.981658071593076
10007.433259 -0.226003705475173 -0.105649087074937  0.154313285683676 0.132370017083834 0.11998371536234 0.0318323590765854 0.983396556604046
10007.466592 -0.228686213384643 -0.109555455992809  0.164746776818288 0.133212182330143 0.104670392707516 0.0250070834010592 0.985227521514228
10007.499925 -0.251026878586906  -0.11112096730795  0.172499379720306 0.131223611904576 0.0920623947647807 0.0228516255775779 0.9868042776343
10007.533258 -0.255059257469776 -0.113616023317668  0.182019593352063 0.130162830646204 0.0639610375343769 0.0138624669657644 0.989330306422136
10007.566591 -0.262961433177938 -0.117003663179599  0.192665647038697 0.120846830941774 0.0356460692730899 0.0047749732031448 0.992019455871516
10007.599924 -0.266811767589805 -0.123368629078247  0.202489844892079 0.108470056887207 0.0101437189092354 -0.00663241980465449 0.994025836049099
10007.633257 -0.277291880391234 -0.133153577619786  0.209318215311265 0.0995585761998785 -0.00649620331766183 -0.0159282385816636 0.994882998378801
10007.66659 -0.294626857331154 -0.125972292768114    0.2114692124174 0.100847502368914 -0.0272560223587733 -0.0247614521105776 0.994220177325177
10007.699923 -0.305657656364318 -0.133188349227031  0.221240755957828 0.0968209089749995 -0.0508745265355042 -0.0329668644091138 0.993453914374529
10007.733256 -0.316250241449838 -0.143860227251305  0.229733336178751 0.0958762887533958 -0.0684203494554924 -0.0389719588963592 0.992273943754971
10007.766589 -0.328679696166881 -0.149142548640075  0.237723355832623 0.102134064273967 -0.0831514513027403 -0.046937798295569 0.990177414483028
10007.799922 -0.341880731921774  -0.15873486810107  0.247495682756669 0.103223362807265 -0.0978876129380929 -0.0525610203388202 0.988433251031644
10007.833255 -0.354474548632448 -0.184618847837833  0.247740169918509 0.0933370404020652 -0.114381401086973 -0.0494878124934171 0.987803648701998
10007.866588 -0.366937295929602 -0.190427453886952  0.256169136478635 0.0950206737888447 -0.134955187054253 -0.0526863308420007 0.98487680426654
10007.899921 -0.378083098804124 -0.194592359430879  0.263399142215218 0.0915235049123193 -0.151088778252112 -0.0611908180792078 0.982370252459655
10007.933254 -0.390588304626025 -0.202076962306811  0.268621644687618 0.0882716674787662 -0.161043980350818 -0.0670140414063984 0.980704882912115
10007.966587   -0.4017821825502 -0.206526477332426   0.27294599939639 0.0881779018410723 -0.172421350712658 -0.0697894637768382 0.978583142196446
10007.99992 -0.436189922807632 -0.187807871414384   0.26745223256912 0.0922959487834075 -0.172835572784516 -0.0724435440801896 0.977937245194967
10008.033253 -0.445676178557266 -0.190173242226942   0.27151872383487 0.0928221264500169 -0.183732002546186 -0.0791447691217499 0.975378239249949
10008.066586 -0.455504427723015 -0.193688550619742   0.27513460462755 0.092887006017484 -0.196774944250978 -0.0853324114164134 0.972301396167872
10008.099919 -0.464809547852591 -0.193059330883718  0.277857314071987 0.0946661543231459 -0.213141311725981 -0.0905355541088099 0.968200606229724
10008.133252 -0.473629469926646  -0.19677542287873  0.280405169484809 0.093929253149697 -0.232929671667082 -0.0982625499532808 0.962946278219343
10008.166585 -0.481362203090702 -0.192480330132844  0.279692859317162 0.0942626582444516 -0.251354638990338 -0.100083053511883 0.958080779015248
10008.199918 -0.488789464162503 -0.193738029867622  0.282813166574061 0.092327987762381 -0.271067712995219 -0.105757915407398 0.952267347427167
10008.233251 -0.490506657854023 -0.194583467807814  0.286548925937027 0.0895299018648211 -0.294867769354466 -0.11075021166482 0.944866014778918
10008.266584  -0.48974066628099 -0.196388422915781   0.28846143440232 0.0859061784133453 -0.312276439198577 -0.118689071331571 0.938624769744716
10008.299917 -0.487997594849246 -0.199829763419526  0.294817980381976 0.0805122376728883 -0.324549829548429 -0.125610353333657 0.934027422970217
10008.33325 -0.492597117750877 -0.205157633986758  0.300114694435639 0.0796915242887096 -0.333870279766629 -0.135263870087625 0.92945337844026
10008.366583 -0.489034570505667 -0.209154877255339  0.308250255183133 0.0795141740296465 -0.349317494676069 -0.14382289199527 0.922480221890819
10008.399916 -0.486458774289477  -0.21466619785721  0.315982207440925 0.0762117531330681 -0.360237468085329 -0.147912937956066 0.917901137409177
10008.433249 -0.484187470149003 -0.219253458969916  0.325907171438827 0.0735106940713527 -0.366075768509955 -0.147405026217781 0.915891078574701
10008.466582 -0.481047603063937 -0.222862190023814  0.336261876179494 0.0708112674089546 -0.367456705034681 -0.146381135568623 0.915714965195302
10008.499915  -0.48162198379496 -0.224658954406605  0.343817923452265 0.0673391807960121 -0.363342701300157 -0.145200742522594 0.917804042545311
10008.533248 -0.484362006680754 -0.224459584530769  0.352326632068021 0.0665064240452325 -0.360427003296517 -0.14633362450752 0.918833902941059
10008.566581 -0.487520634823921 -0.225550644485597  0.359712269804552 0.0639246103271333 -0.357296259986748 -0.149286641544643 0.919764385834942
10008.599914 -0.492240414248906 -0.229154829404838  0.366566028286048 0.0643996747260813 -0.355385880172597 -0.148270905098929 0.920635268046075
10008.633247 -0.499485027605469 -0.232174927393501   0.37458000318505 0.0680804568851566 -0.355737256394658 -0.143681127742729 0.920962425581895
10008.66658 -0.507820708383185 -0.233451878173897    0.3822772765694 0.0710761100320663 -0.356019361945214 -0.140375199173637 0.921136908369106
10008.699913 -0.519120961486051 -0.240434193697904  0.392688915051115 0.0744923784551694 -0.348993011823798 -0.139901016972081 0.923624636256756
10008.733246 -0.530872518626673 -0.246819586574234  0.402517854137759 0.0773871985417793 -0.329838651815885 -0.139037298842771 0.930530125681399
10008.766579 -0.543299073689829 -0.251862257368083  0.409789216144809 0.0829452613891119 -0.306946466432741 -0.136582676936469 0.938215925423575
10008.799912 -0.557295310885442 -0.258518054237711  0.417646511135103 0.0840400058365458 -0.28283529063506 -0.134154639236813 0.946014803563673
10008.833245 -0.560065097525882 -0.265501985555908  0.428912258862687 0.081976938605939 -0.270840439832912 -0.127441831178391 0.95062285758013
10008.866578 -0.570345627907656 -0.271449153964324  0.435607527172348 0.0825128215301345 -0.260641906707765 -0.113051466856187 0.955236513431381
10008.899911 -0.581326510212396 -0.272280699349071  0.442013188260554 0.077987440777753 -0.248588616924508 -0.101518801840329 0.960112280667944
10008.933244 -0.591804561238275  -0.27506489344694  0.448178737748504 0.0623145227158841 -0.233615165122804 -0.0980818939672821 0.965360449241177
10008.966577 -0.600623486306432 -0.278104879233232  0.455098807077745 0.0606436326594391 -0.226330307150975 -0.0971198553361278 0.967297614792005
10008.99991 -0.606023639015135  -0.28086994286302  0.462177788445905 0.0648953205123629 -0.225151136065165 -0.0999178097889124 0.967011889581069
10009.033243 -0.613650596853485  -0.28328711059197  0.468014907359627 0.0684684758710288 -0.217885153667546 -0.0994118910410924 0.968480977377874
10009.066576 -0.619851970069231 -0.285880896047591  0.475818197967691 0.0671806533962892 -0.207898034462762 -0.0974306834656544 0.970964689880731
10009.099909 -0.626362552789496  -0.29017131355221  0.484668067385186 0.0648682754029985 -0.201993482412246 -0.0923086304461054 0.972866823699101
10009.133242 -0.630145564464027 -0.294022893469746  0.494472318040118 0.0645130039954039 -0.199148755340913 -0.08522701276495 0.974122272539139
10009.166575 -0.628793185694308 -0.297229300685888  0.507556622484269 0.0649035354912955 -0.194916316142094 -0.0754951341975226 0.975753885718537
10009.199908 -0.632122581948574 -0.302980707499087  0.521546591040404 0.0640301286384922 -0.183680212445054 -0.0652823694786082 0.978723625145494
10009.233241 -0.636498380025604 -0.308501935955015  0.534832619727481 0.0695495893642913 -0.170971940774364 -0.0562872203010837 0.981204972937808
10009.266574 -0.638153831778909 -0.313071443707023  0.549882241317868 0.076417400785933 -0.159980236154757 -0.0483838316109609 0.982967807069811
10009.299907 -0.643063914762421 -0.319339444986163  0.563898985813097 0.0804570519946332 -0.14816885592492 -0.0392179663054122 0.98490334756112
10009.33324 -0.632616743298167 -0.324268696138693  0.585642381201054 0.0761781001804291 -0.145064227338846 -0.0363312856283763 0.985816060268889
10009.366573  -0.63537704639635 -0.332425477641892  0.603354794201786 0.0698446564231783 -0.131555076457345 -0.026081310300987 0.988501265087918
10009.399906 -0.639920594863688 -0.338906824507471  0.620332875410654 0.0693475465870855 -0.1137495479727 -0.0113023996899846 0.991021802928476
10009.433239 -0.642718415522949 -0.344638434557661  0.635035691041579 0.068696653606068 -0.0986190603498117 -0.00161557554874535 0.992749938622357
10009.466572 -0.648637266394209 -0.347205996055942  0.651253661768952 0.0562141125666354 -0.0820586527201404 0.000838497695968676 0.995040525799686
10009.499905 -0.634745020761375 -0.354733971033308  0.674328463361623 0.0493005844257034 -0.0654122769421563 0.00455800313946629 0.996629274609123
10009.533238   -0.6387049293932 -0.358738578765765  0.691180528300118 0.046530169886771 -0.0540054979212571 0.0123124592313614 0.997379944069592
10009.566571 -0.644214919709842 -0.364370023639349  0.708642631266228 0.0385413656173409 -0.0463110720572635 0.022578764601494 0.997927876717715
10009.599904 -0.649209077991284 -0.372402407334531  0.727907837550155 0.0307906057135871 -0.0320502201429815 0.0312827549319159 0.99852196332001
10009.633237 -0.658836193100416 -0.383043653105022  0.748168942758588 0.0280976079562713 -0.00466832832012517 0.0444778175546759 0.998604253387399
10009.66657 -0.696986974603479 -0.389507297244476   0.75857264146993 0.0304693656873776 0.0386550134797705 0.0678544032160555 0.99648040003388
10009.699903 -0.701267272594569 -0.399683014693217  0.777542143403705 0.0248296978198086 0.0674995885115991 0.0810524652829466 0.994111557889002
10009.733236 -0.709769637599824 -0.412166054246953  0.798040127226617 0.0118165066992513 0.102471132978548 0.089404283666248 0.990639647469071
10009.766569 -0.718293268661897 -0.428852206790373  0.817985160976906 0.00630455386996182 0.137198096303631 0.0990482674627269 0.985558915379386
10009.799902 -0.724827388914238 -0.437812930011771  0.832366357333478 0.0172345623784451 0.159422057070233 0.113749480931224 0.980483877056118
10009.833235 -0.751470063694468 -0.444609768725763   0.84435377474406 0.0156007436842341 0.184257237372872 0.130984319485756 0.973986137129821
10009.866568 -0.750634915892426 -0.453739996247886  0.857688824279682 0.0065251501793383 0.193874601069855 0.14384579831699 0.9704011787821
10009.899901 -0.748771531219983 -0.460691917623522  0.868783305084244 0.00802109328270244 0.206381272625853 0.149714468256578 0.966916754620859
10009.933234 -0.745668187165802 -0.465430643746292  0.880364376791298 0.0096022348341721 0.215883607205648 0.155164664723495 0.963963688137324
10009.966567 -0.740639689415845 -0.472084425082037  0.890643133983067 0.0096381683332766 0.217383408659212 0.161124874223397 0.962647564925698
10009.9999 -0.738370373820723 -0.478506068832911  0.897712263706592 0.0151183284721993 0.218586063814012 0.159335232851367 0.962602645135938
10010.033233 -0.730543036047417 -0.483475693410647  0.905587248827114 0.0247964590956733 0.220207362362494 0.160968132025695 0.96176042424807
10010.066566 -0.725338165201685 -0.487821974055955  0.916498392918712 0.0294814766205168 0.223793613077883 0.166250743773026 0.959899969515958
10010.099899 -0.717637687947311  -0.49466553814972  0.927244332667266 0.0269121718406259 0.225188612562725 0.172375710846298 0.95856791000384
10010.133232 -0.710496082355021 -0.501167354941818  0.939675960293575 0.0227522313558875 0.226454245342141 0.177679076491862 0.957408458554576
10010.166565 -0.695311042619912  -0.50229054757804  0.945718936213645 0.0139340649954806 0.220596703794318 0.178035218233043 0.958877675815063
10010.199898 -0.688440932771236 -0.508557684072763  0.954581748670668 0.0113187456862405 0.22101101888031 0.176228911072826 0.959150346104125
10010.233231 -0.684479067808728 -0.510798259122161   0.96514475326359 0.0152172912573831 0.226768356202458 0.170801505567318 0.958734265773348
10010.266564 -0.680021233244173 -0.512837966355871  0.973031856981984 0.0065750091203174 0.226735564101573 0.164802968373369 0.959889438863631
10010.299897 -0.676071252412279 -0.518536088496855  0.981934605712127 -0.00441031928198887 0.219504211749464 0.155636026116629 0.963107407033453
10010.33323 -0.668590813885755 -0.524581142874292  0.986354028757353 -0.00152920277320589 0.212010065160671 0.144231931616458 0.966564298798394
10010.366563 -0.663729157869283 -0.526793045104016  0.992539903149698 0.0124319094124319 0.204391377087052 0.141666120809698 0.968504167681044
10010.399896 -0.659729711807808 -0.529792544246831   1.00065648679724 0.016784344062735 0.19622015458963 0.14251566154022 0.970002692234903
10010.433229 -0.654140397420667 -0.533420600852761   1.01156462643509 0.0119777882575928 0.189774868365344 0.142672273783453 0.971332411802897
10010.466562 -0.648782146672116  -0.53677219635738   1.02305278876412 0.00824568585142113 0.185250477266331 0.136871666269043 0.973077805887161
10010.499895 -0.638836614149675 -0.541079701793834   1.03571635981536 0.00341357196143414 0.17635585240306 0.131447522446181 0.975504233559453
10010.533228  -0.63338482479773 -0.548895779004632   1.04677607983157 0.0130781768568657 0.166913559765336 0.120099211016482 0.978542285427555
10010.566561 -0.628433623024207 -0.556317231500068   1.05854837487143 0.019071870027637 0.158231282734507 0.108590218554471 0.981227440185064
10010.599894 -0.624124220477155 -0.563904318968777   1.07113678535743 0.0233098829540435 0.150746739504732 0.0969103733587395 0.983534671183904
10010.633227 -0.620094337291475 -0.572038979513357   1.08368336442648 0.0271506156528468 0.141142281930425 0.0918200971592679 0.985348045148924
10010.66656 -0.603116146099776 -0.578231785667865   1.11079310657224 0.0310846445542612 0.151449812588817 0.097910853187869 0.983112487952305
10010.699893 -0.586136789295593 -0.586015822396595   1.14263659554732 0.0351432590964286 0.165051185088482 0.106110460997248 0.979930419829858
10010.733226 -0.554528369504591 -0.596969394411529   1.18386476037971 0.0349669017761685 0.168583103511178 0.102930493276669 0.979674622792964
10010.766559 -0.511332756410191  -0.61017377597395   1.22809835908261 0.0307839076132892 0.156776539777734 0.0875004842891359 0.983268596496677
10010.799892 -0.474210552741146 -0.624803256045161   1.28543476261388 0.031805045176941 0.157250159243573 0.0714916420703478 0.984454047497012
10010.833225  -0.43165854072241 -0.638797843753297   1.33439048337864 0.030109906469398 0.159625628775603 0.0555337647044484 0.985154329609401
10010.866558 -0.380084437853082 -0.651385837598674   1.36562302967557 0.0243274694788582 0.151402557516532 0.0461537868923453 0.987094356058074
10010.899891 -0.324715309019087 -0.663367353189121   1.38874447852783 0.0188541618481775 0.130966846931584 0.0388502988942592 0.990445788451659
10010.933224 -0.271118266781819 -0.677364467852624   1.42593832604007 0.0178813060648987 0.115814929999991 0.0364729017796015 0.992439866348731
10010.966557 -0.219322631105716  -0.69167864728982   1.46850075776086 0.0165606921849375 0.108591487234707 0.0378070283023564 0.993229208685213
10010.99989 -0.168401808676139 -0.707007140509961   1.51848557110336 0.0154106060636457 0.104028886745122 0.0331781676932954 0.99390125924653
10011.033223  -0.12120298350584 -0.722407111963516     1.572063128596 0.0166202979219795 0.100035535495706 0.0298056895715097 0.994398450423289
10011.066556 -0.0629651972732022  -0.736649789246793    1.60673635686309 0.016391059306627 0.104794756461955 0.0260572732802451 0.994017309055574
10011.099889 0.0166294388342173 -0.754490648725307   1.64392838812325 0.00766868356796299 0.0726625320138764 0.0157202051595238 0.997203200397697
10011.133222   0.10814818735874 -0.773236309566504     1.674816785127 -0.000604761515392397 0.00598163396072823 0.00346155511699173 0.999975935687875
10011.166555  0.196866060785929 -0.792672841369574   1.71432985837795 -0.00942607542088823 -0.0640142080885945 -0.00679851979184298 0.997881310774778
10011.199888 0.290574233003594 -0.81390701662124  1.75353324789353 -0.0212907082114216 -0.135846080839663 -0.0148623635984519 0.990389649689771
10011.233221  0.357616988217865 -0.831450767499278   1.80827458951527 -0.0304962834608449 -0.184812072014374 -0.0232535139192635 0.982025330031378
10011.266554  0.515931270355916 -0.873834682249146   1.91921499838585 -0.0584879683999554 -0.290194332378854 -0.0421286558597079 0.954249224973797
10011.299887   0.62175787328932 -0.910459132655833   2.05185264367976 -0.0779307222033456 -0.383006682639869 -0.0678405999294155 0.917948983653931
10011.33322  0.663123456370922 -0.937084960283043   2.15589095366148 -0.084797795455129 -0.437898487188373 -0.100128927178034 0.889397800057016
10011.366553  0.595743937782052 -0.939035685820436   2.24691821744047 -0.093431793486934 -0.476740942449679 -0.0964121159576026 0.868730843043221
10011.399886  0.61691633566014 -0.95022765733269  2.24264173659259 -0.103790294322837 -0.489813967854369 -0.0889284758137872 0.861046791927462
10011.433219  0.645815859831039 -0.962214862118614   2.21226356091936 -0.109483256362914 -0.481065457047122 -0.0895435791622389 0.865200202290217
10011.466552  0.687003506700102 -0.972223414297587   2.18807134587017 -0.113248006566108 -0.47945093600844 -0.0903558449604843 0.865527301851831
10011.499885  0.671043689470496 -0.970516495906724    2.1884215929957 -0.0998086518635698 -0.462930374605619 -0.0885344540782523 0.876296383492334
10011.533218  0.680847945267447 -0.971360989953362   2.18254095236641 -0.0878949746165215 -0.463772193105183 -0.0847676477264087 0.877498873069648
10011.566551   0.79147443290284 -0.984971552446546   2.15435180816038 -0.0745648696158068 -0.464918557660934 -0.0832636218369543 0.878269881209784
10011.599884 0.799148250764159 -0.98478203006518  2.13625272882819 -0.0647553557798621 -0.459919146990249 -0.090387015781628 0.880971798361149
10011.633217  0.788642497741066 -0.977665604095069   2.14360973993943 -0.0613925508680289 -0.475064363791838 -0.0940431625259866 0.872754655407282
10011.66655  0.771076721798182 -0.973072082193949    2.1571507611553 -0.0576338180594022 -0.502008450094949 -0.104351094466043 0.856607674570396
10011.699883   0.77312328973966 -0.973441049771023   2.17294173565501 -0.0563821336293473 -0.507514634710318 -0.111162143858233 0.852580159477745
10011.733216  0.868125416410261 -0.991793753147873   2.14527588938212 -0.0646727475244717 -0.504525048531931 -0.14106751937192 0.849336132582232
10011.766549 0.961850819624848 -1.01539489999929  2.11723735335166 -0.0728998186925615 -0.50103975282104 -0.170834292224981 0.845257609919965
